8467 41
6500 6334
5724 9169
9358 1478
4464 6962
8145 5705
6827 3281
491 9961
1942 2995
5436 4827
4604 2391
153 3902
2382 292
8716 7421
9895 9718
1726 5447
1538 4771
9912 1869
6299 5667
9894 7035
3811 8703
333 1322
4664 7673
7711 5141
6868 8253
7644 5547
2757 2662
2859 37
9741 8723
778 7529
3035 2316
1842 2190
106 288
8942 9040
2648 9264
3805 7446
6729 5890
5350 4370
1101 5006
3548 4393
2623 9629
9954 4084
1840 8756
7376 4966
6308 3931
2439 6944
1323 4626
1538 5537
2082 6118
6541 2929
1115 4833
9658 4639
9930 2704
2306 3977
2386 1673
8745 5021
9072 6924
5829 6270
5573 6777
6512 5097
3290 3986
8636 9161
4767 2355
5574 3655
2052 4031
1150 7350
1724 6941
3430 3966
191 1107
1337 8007
2287 5457
383 7753
8909 4945
9758 2209
8588 4221
4946 6422
3030 7506
9168 6413
2591 900
1655 8762
6359 7410
537 7624
6483 1548
4041 7595
4350 3602
836 291
1020 9374
4021 4596
3199 7348
4484 9668
4734 8281
1999 53
7938 6418
3788 6900
467 8127
4893 3728
2483 4648
2421 7807
6617 4310
9514 2813
